function [G, H] = hamming74_matrices()
    G = [
        1 0 0 0 1 1 0;
        0 1 0 0 1 0 1;
        0 0 1 0 0 1 1;
        0 0 0 1 1 1 1
    ];

    H = [
        1 1 0 1 1 0 0;
        1 0 1 1 0 1 0;
        0 1 1 1 0 0 1
    ];
end